Name: Ferid Ruano
Class: COMP 151 - 3PM
Lab 11 - Project 2

PlayBingo
---> Setting up bingo game.
Enter number of players.
4
---> Creating bingo card for Player 1
B  6  7 10 14 15
G 46 49 51 52 55
I 16 19 20 23 27
N 32 34 36 38 40
O 67 68 69 74 75

---> Creating bingo card for Player 2
B  1  5  6  7  9
G 46 48 51 54 58
I 19 21 26 27 30
N 34 35 39 40 41
O 63 65 68 70 72

---> Creating bingo card for Player 3
B  2  6  7  9 10
G 46 51 54 58 60
I 17 20 23 25 27
N 35 36 37 38 40
O 62 64 67 68 74

---> Creating bingo card for Player 4
B  1  4 11 13 14
G 50 51 52 53 58
I 20 24 25 26 27
N 36 37 40 43 44
O 61 63 64 67 75

---> Starting the game with 4 players:
     *********************************

---> Calling: B 12
Player's 1 card:
B  6  7 10 14 15
G 46 49 51 52 55
I 16 19 20 23 27
N 32 34 36 38 40
O 67 68 69 74 75

Player's 2 card:
B  1  5  6  7  9
G 46 48 51 54 58
I 19 21 26 27 30
N 34 35 39 40 41
O 63 65 68 70 72

Player's 3 card:
B  2  6  7  9 10
G 46 51 54 58 60
I 17 20 23 25 27
N 35 36 37 38 40
O 62 64 67 68 74

Player's 4 card:
B  1  4 11 13 14
G 50 51 52 53 58
I 20 24 25 26 27
N 36 37 40 43 44
O 61 63 64 67 75

---> Calling: B 2
Player's 1 card:
B  6  7 10 14 15
G 46 49 51 52 55
I 16 19 20 23 27
N 32 34 36 38 40
O 67 68 69 74 75

Player's 2 card:
B  1  5  6  7  9
G 46 48 51 54 58
I 19 21 26 27 30
N 34 35 39 40 41
O 63 65 68 70 72

Player's 3 card:
B  0  2  6  7  9 10
G 46 51 54 58 60
I 17 20 23 25 27
N 35 36 37 38 40
O 62 64 67 68 74

Player's 4 card:
B  1  4 11 13 14
G 50 51 52 53 58
I 20 24 25 26 27
N 36 37 40 43 44
O 61 63 64 67 75

---> Calling: N 40
Player's 1 card:
B  6  7 10 14 15
G 46 49 51 52 55
I 16 19 20 23 27
N  0 32 34 36 38 40
O 67 68 69 74 75

Player's 2 card:
B  1  5  6  7  9
G 46 48 51 54 58
I 19 21 26 27 30
N  0 34 35 39 40 41
O 63 65 68 70 72

Player's 3 card:
B  0  2  6  7  9 10
G 46 51 54 58 60
I 17 20 23 25 27
N  0 35 36 37 38 40
O 62 64 67 68 74

Player's 4 card:
B  1  4 11 13 14
G 50 51 52 53 58
I 20 24 25 26 27
N  0 36 37 40 43 44
O 61 63 64 67 75

---> Calling: N 32
Player's 1 card:
B  6  7 10 14 15
G 46 49 51 52 55
I 16 19 20 23 27
N  0 32 34 36 38 40
O 67 68 69 74 75

Player's 2 card:
B  1  5  6  7  9
G 46 48 51 54 58
I 19 21 26 27 30
N  0 34 35 39 40 41
O 63 65 68 70 72

Player's 3 card:
B  0  2  6  7  9 10
G 46 51 54 58 60
I 17 20 23 25 27
N  0 35 36 37 38 40
O 62 64 67 68 74

Player's 4 card:
B  1  4 11 13 14
G 50 51 52 53 58
I 20 24 25 26 27
N  0 36 37 40 43 44
O 61 63 64 67 75

---> Calling: O 63
Player's 1 card:
B  6  7 10 14 15
G 46 49 51 52 55
I 16 19 20 23 27
N  0 32 34 36 38 40
O 67 68 69 74 75

Player's 2 card:
B  1  5  6  7  9
G 46 48 51 54 58
I 19 21 26 27 30
N  0 34 35 39 40 41
O  0 63 65 68 70 72

Player's 3 card:
B  0  2  6  7  9 10
G 46 51 54 58 60
I 17 20 23 25 27
N  0 35 36 37 38 40
O 62 64 67 68 74

Player's 4 card:
B  1  4 11 13 14
G 50 51 52 53 58
I 20 24 25 26 27
N  0 36 37 40 43 44
O  0 61 63 64 67 75

---> Calling: I 30
Player's 1 card:
B  6  7 10 14 15
G 46 49 51 52 55
I 16 19 20 23 27
N  0 32 34 36 38 40
O 67 68 69 74 75

Player's 2 card:
B  1  5  6  7  9
G 46 48 51 54 58
I  0 19 21 26 27 30
N  0 34 35 39 40 41
O  0 63 65 68 70 72

Player's 3 card:
B  0  2  6  7  9 10
G 46 51 54 58 60
I 17 20 23 25 27
N  0 35 36 37 38 40
O 62 64 67 68 74

Player's 4 card:
B  1  4 11 13 14
G 50 51 52 53 58
I 20 24 25 26 27
N  0 36 37 40 43 44
O  0 61 63 64 67 75

---> Calling: B 3
Player's 1 card:
B  6  7 10 14 15
G 46 49 51 52 55
I 16 19 20 23 27
N  0 32 34 36 38 40
O 67 68 69 74 75

Player's 2 card:
B  1  5  6  7  9
G 46 48 51 54 58
I  0 19 21 26 27 30
N  0 34 35 39 40 41
O  0 63 65 68 70 72

Player's 3 card:
B  0  2  6  7  9 10
G 46 51 54 58 60
I 17 20 23 25 27
N  0 35 36 37 38 40
O 62 64 67 68 74

Player's 4 card:
B  1  4 11 13 14
G 50 51 52 53 58
I 20 24 25 26 27
N  0 36 37 40 43 44
O  0 61 63 64 67 75

---> Calling: G 59
Player's 1 card:
B  6  7 10 14 15
G 46 49 51 52 55
I 16 19 20 23 27
N  0 32 34 36 38 40
O 67 68 69 74 75

Player's 2 card:
B  1  5  6  7  9
G 46 48 51 54 58
I  0 19 21 26 27 30
N  0 34 35 39 40 41
O  0 63 65 68 70 72

Player's 3 card:
B  0  2  6  7  9 10
G 46 51 54 58 60
I 17 20 23 25 27
N  0 35 36 37 38 40
O 62 64 67 68 74

Player's 4 card:
B  1  4 11 13 14
G 50 51 52 53 58
I 20 24 25 26 27
N  0 36 37 40 43 44
O  0 61 63 64 67 75

---> Calling: O 69
Player's 1 card:
B  6  7 10 14 15
G 46 49 51 52 55
I 16 19 20 23 27
N  0 32 34 36 38 40
O  0 67 68 69 74 75

Player's 2 card:
B  1  5  6  7  9
G 46 48 51 54 58
I  0 19 21 26 27 30
N  0 34 35 39 40 41
O  0 63 65 68 70 72

Player's 3 card:
B  0  2  6  7  9 10
G 46 51 54 58 60
I 17 20 23 25 27
N  0 35 36 37 38 40
O 62 64 67 68 74

Player's 4 card:
B  1  4 11 13 14
G 50 51 52 53 58
I 20 24 25 26 27
N  0 36 37 40 43 44
O  0 61 63 64 67 75

---> Calling: N 44
Player's 1 card:
B  6  7 10 14 15
G 46 49 51 52 55
I 16 19 20 23 27
N  0 32 34 36 38 40
O  0 67 68 69 74 75

Player's 2 card:
B  1  5  6  7  9
G 46 48 51 54 58
I  0 19 21 26 27 30
N  0 34 35 39 40 41
O  0 63 65 68 70 72

Player's 3 card:
B  0  2  6  7  9 10
G 46 51 54 58 60
I 17 20 23 25 27
N  0 35 36 37 38 40
O 62 64 67 68 74

Player's 4 card:
B  1  4 11 13 14
G 50 51 52 53 58
I 20 24 25 26 27
N  0 36 37 40 43 44
O  0 61 63 64 67 75

---> Calling: O 70
Player's 1 card:
B  6  7 10 14 15
G 46 49 51 52 55
I 16 19 20 23 27
N  0 32 34 36 38 40
O  0 67 68 69 74 75

Player's 2 card:
B  1  5  6  7  9
G 46 48 51 54 58
I  0 19 21 26 27 30
N  0 34 35 39 40 41
O  0 63 65 68 70 72

Player's 3 card:
B  0  2  6  7  9 10
G 46 51 54 58 60
I 17 20 23 25 27
N  0 35 36 37 38 40
O 62 64 67 68 74

Player's 4 card:
B  1  4 11 13 14
G 50 51 52 53 58
I 20 24 25 26 27
N  0 36 37 40 43 44
O  0 61 63 64 67 75

---> Calling: I 26
Player's 1 card:
B  6  7 10 14 15
G 46 49 51 52 55
I 16 19 20 23 27
N  0 32 34 36 38 40
O  0 67 68 69 74 75

Player's 2 card:
B  1  5  6  7  9
G 46 48 51 54 58
I  0 19 21 26 27 30
N  0 34 35 39 40 41
O  0 63 65 68 70 72

Player's 3 card:
B  0  2  6  7  9 10
G 46 51 54 58 60
I 17 20 23 25 27
N  0 35 36 37 38 40
O 62 64 67 68 74

Player's 4 card:
B  1  4 11 13 14
G 50 51 52 53 58
I  0 20 24 25 26 27
N  0 36 37 40 43 44
O  0 61 63 64 67 75

---> Calling: G 51
Player's 1 card:
B  6  7 10 14 15
G  0 46 49 51 52 55
I 16 19 20 23 27
N  0 32 34 36 38 40
O  0 67 68 69 74 75

Player's 2 card:
B  1  5  6  7  9
G  0 46 48 51 54 58
I  0 19 21 26 27 30
N  0 34 35 39 40 41
O  0 63 65 68 70 72

Player's 3 card:
B  0  2  6  7  9 10
G  0 46 51 54 58 60
I 17 20 23 25 27
N  0 35 36 37 38 40
O 62 64 67 68 74

Player's 4 card:
B  1  4 11 13 14
G  0 50 51 52 53 58
I  0 20 24 25 26 27
N  0 36 37 40 43 44
O  0 61 63 64 67 75

---> Calling: G 47
Player's 1 card:
B  6  7 10 14 15
G  0 46 49 51 52 55
I 16 19 20 23 27
N  0 32 34 36 38 40
O  0 67 68 69 74 75

Player's 2 card:
B  1  5  6  7  9
G  0 46 48 51 54 58
I  0 19 21 26 27 30
N  0 34 35 39 40 41
O  0 63 65 68 70 72

Player's 3 card:
B  0  2  6  7  9 10
G  0 46 51 54 58 60
I 17 20 23 25 27
N  0 35 36 37 38 40
O 62 64 67 68 74

Player's 4 card:
B  1  4 11 13 14
G  0 50 51 52 53 58
I  0 20 24 25 26 27
N  0 36 37 40 43 44
O  0 61 63 64 67 75

---> Calling: O 64
Player's 1 card:
B  6  7 10 14 15
G  0 46 49 51 52 55
I 16 19 20 23 27
N  0 32 34 36 38 40
O  0 67 68 69 74 75

Player's 2 card:
B  1  5  6  7  9
G  0 46 48 51 54 58
I  0 19 21 26 27 30
N  0 34 35 39 40 41
O  0 63 65 68 70 72

Player's 3 card:
B  0  2  6  7  9 10
G  0 46 51 54 58 60
I 17 20 23 25 27
N  0 35 36 37 38 40
O  0 62 64 67 68 74

Player's 4 card:
B  1  4 11 13 14
G  0 50 51 52 53 58
I  0 20 24 25 26 27
N  0 36 37 40 43 44
O  0 61 63 64 67 75

---> Calling: G 50
Player's 1 card:
B  6  7 10 14 15
G  0 46 49 51 52 55
I 16 19 20 23 27
N  0 32 34 36 38 40
O  0 67 68 69 74 75

Player's 2 card:
B  1  5  6  7  9
G  0 46 48 51 54 58
I  0 19 21 26 27 30
N  0 34 35 39 40 41
O  0 63 65 68 70 72

Player's 3 card:
B  0  2  6  7  9 10
G  0 46 51 54 58 60
I 17 20 23 25 27
N  0 35 36 37 38 40
O  0 62 64 67 68 74

Player's 4 card:
B  1  4 11 13 14
G  0 50 51 52 53 58
I  0 20 24 25 26 27
N  0 36 37 40 43 44
O  0 61 63 64 67 75

---> Calling: G 54
Player's 1 card:
B  6  7 10 14 15
G  0 46 49 51 52 55
I 16 19 20 23 27
N  0 32 34 36 38 40
O  0 67 68 69 74 75

Player's 2 card:
B  1  5  6  7  9
G  0 46 48 51 54 58
I  0 19 21 26 27 30
N  0 34 35 39 40 41
O  0 63 65 68 70 72

Player's 3 card:
B  0  2  6  7  9 10
G  0 46 51 54 58 60
I 17 20 23 25 27
N  0 35 36 37 38 40
O  0 62 64 67 68 74

Player's 4 card:
B  1  4 11 13 14
G  0 50 51 52 53 58
I  0 20 24 25 26 27
N  0 36 37 40 43 44
O  0 61 63 64 67 75

---> Calling: I 28
Player's 1 card:
B  6  7 10 14 15
G  0 46 49 51 52 55
I 16 19 20 23 27
N  0 32 34 36 38 40
O  0 67 68 69 74 75

Player's 2 card:
B  1  5  6  7  9
G  0 46 48 51 54 58
I  0 19 21 26 27 30
N  0 34 35 39 40 41
O  0 63 65 68 70 72

Player's 3 card:
B  0  2  6  7  9 10
G  0 46 51 54 58 60
I 17 20 23 25 27
N  0 35 36 37 38 40
O  0 62 64 67 68 74

Player's 4 card:
B  1  4 11 13 14
G  0 50 51 52 53 58
I  0 20 24 25 26 27
N  0 36 37 40 43 44
O  0 61 63 64 67 75

---> Calling: G 57
Player's 1 card:
B  6  7 10 14 15
G  0 46 49 51 52 55
I 16 19 20 23 27
N  0 32 34 36 38 40
O  0 67 68 69 74 75

Player's 2 card:
B  1  5  6  7  9
G  0 46 48 51 54 58
I  0 19 21 26 27 30
N  0 34 35 39 40 41
O  0 63 65 68 70 72

Player's 3 card:
B  0  2  6  7  9 10
G  0 46 51 54 58 60
I 17 20 23 25 27
N  0 35 36 37 38 40
O  0 62 64 67 68 74

Player's 4 card:
B  1  4 11 13 14
G  0 50 51 52 53 58
I  0 20 24 25 26 27
N  0 36 37 40 43 44
O  0 61 63 64 67 75

---> Calling: I 24
Player's 1 card:
B  6  7 10 14 15
G  0 46 49 51 52 55
I 16 19 20 23 27
N  0 32 34 36 38 40
O  0 67 68 69 74 75

Player's 2 card:
B  1  5  6  7  9
G  0 46 48 51 54 58
I  0 19 21 26 27 30
N  0 34 35 39 40 41
O  0 63 65 68 70 72

Player's 3 card:
B  0  2  6  7  9 10
G  0 46 51 54 58 60
I 17 20 23 25 27
N  0 35 36 37 38 40
O  0 62 64 67 68 74

Player's 4 card:
B  1  4 11 13 14
G  0 50 51 52 53 58
I  0 20 24 25 26 27
N  0 36 37 40 43 44
O  0 61 63 64 67 75

---> Calling: O 67
Player's 1 card:
B  6  7 10 14 15
G  0 46 49 51 52 55
I 16 19 20 23 27
N  0 32 34 36 38 40
O  0 67 68 69 74 75

Player's 2 card:
B  1  5  6  7  9
G  0 46 48 51 54 58
I  0 19 21 26 27 30
N  0 34 35 39 40 41
O  0 63 65 68 70 72

Player's 3 card:
B  0  2  6  7  9 10
G  0 46 51 54 58 60
I 17 20 23 25 27
N  0 35 36 37 38 40
O  0 62 64 67 68 74

Player's 4 card:
B  1  4 11 13 14
G  0 50 51 52 53 58
I  0 20 24 25 26 27
N  0 36 37 40 43 44
O  0 61 63 64 67 75

---> Calling: I 16
Player's 1 card:
B  6  7 10 14 15
G  0 46 49 51 52 55
I  0 16 19 20 23 27
N  0 32 34 36 38 40
O  0 67 68 69 74 75

Player's 2 card:
B  1  5  6  7  9
G  0 46 48 51 54 58
I  0 19 21 26 27 30
N  0 34 35 39 40 41
O  0 63 65 68 70 72

Player's 3 card:
B  0  2  6  7  9 10
G  0 46 51 54 58 60
I 17 20 23 25 27
N  0 35 36 37 38 40
O  0 62 64 67 68 74

Player's 4 card:
B  1  4 11 13 14
G  0 50 51 52 53 58
I  0 20 24 25 26 27
N  0 36 37 40 43 44
O  0 61 63 64 67 75

---> Calling: O 74
Player's 1 card:
B  6  7 10 14 15
G  0 46 49 51 52 55
I  0 16 19 20 23 27
N  0 32 34 36 38 40
O  0 67 68 69 74 75

Player's 2 card:
B  1  5  6  7  9
G  0 46 48 51 54 58
I  0 19 21 26 27 30
N  0 34 35 39 40 41
O  0 63 65 68 70 72

Player's 3 card:
B  0  2  6  7  9 10
G  0 46 51 54 58 60
I 17 20 23 25 27
N  0 35 36 37 38 40
O  0 62 64 67 68 74

Player's 4 card:
B  1  4 11 13 14
G  0 50 51 52 53 58
I  0 20 24 25 26 27
N  0 36 37 40 43 44
O  0 61 63 64 67 75

---> Calling: B 7
Player's 1 card:
B  0  6  7 10 14 15
G  0 46 49 51 52 55
I  0 16 19 20 23 27
N  0 32 34 36 38 40
O  0 67 68 69 74 75

Player's 2 card:
B  0  1  5  6  7  9
G  0 46 48 51 54 58
I  0 19 21 26 27 30
N  0 34 35 39 40 41
O  0 63 65 68 70 72

Player's 3 card:
B  0  2  6  7  9 10
G  0 46 51 54 58 60
I 17 20 23 25 27
N  0 35 36 37 38 40
O  0 62 64 67 68 74

Player's 4 card:
B  1  4 11 13 14
G  0 50 51 52 53 58
I  0 20 24 25 26 27
N  0 36 37 40 43 44
O  0 61 63 64 67 75

!!! Player 1 says BINGO !!!
!!! Player 2 says BINGO !!!
24 chips were called.
